#Species name here:
Try1_merl2.dat
#SSL Species?
1
#Constant buffer of Dorn?
0
#Number of fisheries?
1
#Number of sexes?
1
#5year_Average_F(endyr-4,endyr_as_estimated_by_ADmodel)
-14.4558
#_Author_F_as_fraction_F_40%
1
#ABC SPR
0.4
#MSY SPR
0.35
#_Spawn_month
0
#_Number_of_ages
11
#_F_ratio(must_sum_to_one_only_one_fishery)
1
#_Natural_Mortality 2 3 4 5 6 7 8 9 10 11 12
 0.28 0.28 0.28 0.28 0.28 0.28 0.28 0.28 0.28 0.28 0.28 
#_Maturity_divided_by_2(projection_program_uses_to_get_female_spawning_biomass_if_divide_by_2 2 3 4 5 6 7 8 9 10 11 12
 0.0179055 0.960688 1.8443 1.98424 1.99811 1.99969 1.99993 1.99998 1.99999 2 2
#_Wt_at_age_spawners 2 3 4 5 6 7 8 9 10 11 12
 0.312189 0.449837 0.595465 0.74267 0.886663 1.02411 1.15285 1.27168 1.38007 1.47801 1.93211
#_Wt_at_age_fishery 2 3 4 5 6 7 8 9 10 11 12
 0.312189 0.449837 0.595465 0.74267 0.886663 1.02411 1.15285 1.27168 1.38007 1.47801 1.93211
 0.312189 0.449837 0.595465 0.74267 0.886663 1.02411 1.15285 1.27168 1.38007 1.47801 1.93211
 0.312189 0.449837 0.595465 0.74267 0.886663 1.02411 1.15285 1.27168 1.38007 1.47801 1.93211
 0.312189 0.449837 0.595465 0.74267 0.886663 1.02411 1.15285 1.27168 1.38007 1.47801 1.93211
#
#_Selectivity_fishery_scaled_to_max_at_one 2 3 4 5 6 7 8 9 10 11 12
 0.0764069 0.194112 0.439408 0.788778 0.994879 1 0.96472 0.960195 0.991957 0.991957 0.991957
#_Numbers_at_age_end_year 2 3 4 5 6 7 8 9 10 11 12
 135032 83448.2 111587 102554 48895.7 30652.1 13628.2 7674 3741.58 2039.17 1598.39
#_Spawning biomass 
 551.706 594.91 672.651 693.086 760.655 869.822 969.443 1039.34 1035.59 962.161 852.661 703.436 554.99 383.479 220.447 143.968 136.812 151.327 174.436 188.135 180.252 163.296 148.122 146.881 140 162.386 181.267 213.382 246.758 280.324
