# Number of parameters = 678 Objective function value = 204.719621930923  Maximum gradient component = 1.27732372893018e-05
# Mest[1]:
0.330000000000
# log_Linf[1]:
4.38701417618
# log_k[1]:
-1.83258146375
# log_Lo[1]:
2.75684036527
# log_sdage[1]:
-2.40794560865
# mean_log_rec[1]:
12.7899935861
# steepness[1]:
0.650000000000
# log_Rzero[1]:
12.9388503014
# rec_dev:
 -0.265513616173 -0.0257308701910 0.0700275740059 0.191859565983 0.178096999505 0.169983088057 0.00926167613166 0.264156767876 0.469134826766 0.806023907026 1.04516082162 1.15032949426 1.03477716990 0.954315055062 0.474256132436 0.413876288368 0.0379913750117 -0.179109638503 -0.500581332019 -0.841851963958 -0.632280361439 -0.441320575468 -0.286278513788 -0.0110463091403 -0.157667987394 -0.139784056352 -0.472587191242 -0.502887473232 -0.278516186706 -0.354555103069 -0.390637432890 -0.270691525906 -0.246838564298 0.0300786792550 -0.0246832948157 0.182168948801 -0.142964595064 -0.506460745164 -0.274263130143
# log_sigmar[1]:
-0.510825623766
# fmort:
 -2.46728990012 -2.42627217548 -2.48815610871 -2.51971704325 -2.45770291558 -2.48634056200 -2.52471172283 -2.34192692168 -2.09867310971 -1.80405907605 -1.48472392970 -0.919997047015 -0.764413739455 -0.702678435600 -0.770156834841 -1.16603046535 -1.37173748111 -1.44628835050 -1.36978369548 -1.39401120376 -1.47176961107 -1.60219917323 -2.49938343829 -2.59118934181 -2.56438944366 -2.67310492709 -2.76276457254 -2.58155755802 -2.52049874004 -2.89796014508
 -4.14401083023 -3.53383245241 -3.35050419489 -3.15093492700 -2.80045007198 -3.35876869134 -3.98412065063 -3.12557126922 -3.04353195786 -2.72276798595 -2.60035527117 -2.00561723245 -1.58741083389 -2.32214393633 -2.25919152856 -2.09165304706 -1.66846974962 -1.82010366941 -1.70153156436 -1.46302167693 -1.82727980031 -2.06071728769 -2.86978842014 -3.11854581213 -3.37045537272 -3.51379300764 -3.66815030148 -3.83937312371 -3.80944334852 -4.06928921394
 -5.13342679045 -3.55089443047 -3.66185805358 -3.75598160172 -4.31965934119 -4.52595569742 -3.91249291261 -4.19556346307 -3.99822274051 -4.99373762916 -3.03992344982 -2.50380807082 -1.62448471113 -2.75836242131 -3.09124913362 -3.14515016415 -3.01903501474 -3.97993620807 -3.21497087096 -3.63412277380 -2.98829966631 -3.03780173600 -4.00468453141 -4.96636016984 -4.64025047284 -4.87382097050 -5.09658807160 -5.74356975996 -5.68138071222 -6.05984011102
 -3.05619025399 -2.81427866887 -2.68148285013 -2.72151741216 -3.41955214065 -3.08866238371 -2.93799622017 -3.36956873110 -3.13965199186 -3.18977119780 -2.40356147559 -1.90027511728 -2.85890595675 -2.81800612716 -2.80158427540 -2.16239542163 -2.41589615536 -1.61739470086 -2.63592325421 -2.23788894437 -2.35721837761 -2.31125295699 -2.51387615107 -2.29913935574 -2.69556828155 -2.64602858567 -2.64235265056 -2.88654812170 -2.84518281002 -3.09092008064
# log_selcoffs_fsh[1]:
 -3.18306133853 -1.71036248513 -0.569162747169 0.0309957707871 0.208340832520 0.309511578110 0.442388980365 0.460857648910 0.367427170914
 -3.19267707882 -1.64683139950 -0.222155536693 0.293374586525 0.235236553032 0.237860265319 0.301487844125 0.324833464780 0.303900398708
 -3.17912892357 -1.68697920876 -0.328109784903 0.276629541017 0.311474623373 0.304944973245 0.315778259260 0.289396128727 0.266512826008
 -3.13283566384 -1.80187658990 -0.695822237609 0.0350705351325 0.405483846389 0.497068803783 0.400285795465 0.303701583419 0.235878659903
 -2.94580821422 -1.54297164347 -0.655283866825 -0.0917705080008 0.341899276167 0.509706628088 0.438118737660 0.322707894077 0.261605844516
 -2.94095394203 -1.63969011951 -0.641296412397 -0.149502881128 0.250681728112 0.543154740392 0.507736988499 0.356393296244 0.238523316374
 -2.91520117919 -1.76622129246 -0.791782758210 -0.217405313484 0.141780073193 0.508717281832 0.617967596299 0.451284938182 0.243907781828
 -2.81394600810 -1.63128512893 -0.857272044830 -0.371191231133 0.0483784833168 0.454260522166 0.672578113835 0.522552965182 0.307439518762
 -2.69492402052 -1.47471642146 -0.653868588610 -0.326160839321 0.0261116894221 0.333376394288 0.586209141672 0.554554215086 0.406420691955
 -2.63303309034 -1.54550486505 -0.658696434105 -0.186491602986 0.156630828408 0.375846221674 0.436369590107 0.476664301963 0.459943472321
 -2.54527697622 -1.49340109932 -0.670138692831 -0.163181000132 0.196254981310 0.447301777180 0.430124597398 0.382607968512 0.439151796911
 -2.31677683229 -1.12987193642 -0.247551623785 -0.0310604891733 0.120678304548 0.287899645956 0.308292612713 0.361393663284 0.451008557909
 -2.53784550029 -0.983154464103 0.0484698108834 0.0846602973128 0.113140382495 0.184871766356 0.223679215684 0.297842781827 0.397668427370
 -2.59657173277 -0.805650056720 0.193551273510 0.124157653077 0.0191706230592 0.107056442024 0.204823585467 0.289351160286 0.363049008089
 -2.45672086019 -0.553479212636 0.102459617803 0.0908350296795 0.0198135175603 0.0869277614198 0.205556443403 0.303889127928 0.366170814296
 -2.32451449600 -0.809268554064 0.0356830277958 0.172612877554 0.0965559574760 0.135355878882 0.216203856292 0.291150812800 0.341186176690
 -2.42532757820 -0.869371861959 -0.0378479009349 0.210450511397 0.180180597895 0.178440728600 0.213935108115 0.265907237154 0.306970354555
 -2.51669827193 -1.08572275376 -0.104981783267 0.282904153153 0.269971290841 0.220501746073 0.206127044447 0.234496077472 0.265810533791
 -2.43402186854 -1.15233658009 -0.196871844225 0.281848528770 0.303179426354 0.244643566970 0.221439766284 0.238897632054 0.262749471521
 -2.06216672649 -0.984629821957 -0.176314397155 0.186222538266 0.200233402013 0.209765126556 0.245296057590 0.291415238747 0.325558504021
 -2.16437837149 -0.861490364541 -0.0673948594516 0.132934510115 0.161940148081 0.196725501467 0.237647515659 0.288225491714 0.329394287100
 -2.18121624634 -0.822400476062 -0.0220810742618 0.129214870418 0.161202294397 0.170995286886 0.215043302480 0.286772474348 0.335171501578
 -2.16495295509 -0.870498893506 0.0366983303781 0.173785937252 0.136563330557 0.134794221671 0.197603294593 0.281683848461 0.339933234101
 -2.10209627769 -0.879370053945 -0.0716030662704 0.183054521967 0.162566663856 0.143688151535 0.203562644398 0.295593832655 0.357841306471
 -2.31451600892 -1.06107873445 -0.112373415442 0.216703656753 0.215345376019 0.189443391318 0.213339166329 0.286048191079 0.337606813302
 -2.22992753153 -1.10145836077 -0.263469815116 0.143795677744 0.239075575447 0.238002089717 0.256251493829 0.310676561940 0.365917859213
 -2.46520975540 -1.42219913629 -0.519357627735 0.103331751670 0.348176958525 0.358832465109 0.318791054037 0.306209638270 0.328003097595
# log_selcoffs_fsh[2]:
 -3.96598988548 -2.84031112671 -1.80370739460 -0.946332974169 -0.304268624083 0.150776739974 0.491140758577 0.770102146648 0.984034669593
 -3.99864438481 -2.84300014290 -1.78324796516 -0.916094817381 -0.279168757139 0.177684905422 0.514383952383 0.775855034106 0.939742161751
 -4.05110634941 -2.83005309785 -1.71948497743 -0.831906165649 -0.211715894298 0.202264435831 0.518864066262 0.756902829802 0.901811112763
 -4.13481679131 -2.82428148772 -1.62419850477 -0.709654373566 -0.115762673154 0.249073070660 0.506598079145 0.723633248729 0.850445909759
 -4.25001455070 -2.83261154946 -1.50967029886 -0.539310150671 -0.0263988995418 0.281245025577 0.502984586747 0.677153332232 0.789412794935
 -4.39273250055 -2.88975174193 -1.34718838815 -0.314768532684 0.0489079409176 0.267290045038 0.477495182607 0.655867679531 0.716241955775
 -4.47335412248 -2.96718225865 -1.48885088425 -0.528994279325 -0.128849273054 0.272426130151 0.625942143556 0.753971933930 0.659915458804
 -4.50559508985 -2.97555218604 -1.51526363727 -0.509448794232 -0.0315897317290 0.345130851335 0.580411402405 0.681235430823 0.679649944293
 -4.52739425559 -2.96484510398 -1.58243533082 -0.693293820588 -0.135545632637 0.252524182466 0.640468467502 0.763853008763 0.706957103874
 -4.59442928198 -3.18654960335 -1.91775959573 -0.893983675062 -0.174260480117 0.365155729347 0.656330701980 0.778007451048 0.696624355346
 -4.68469332269 -3.33187390459 -2.09838976960 -1.07984962169 -0.216899031082 0.523081783720 0.706544516631 0.713670650491 0.658587524966
 -4.73859639149 -3.35079708001 -1.97583090803 -0.846071016362 -0.101521361829 0.490350088283 0.633085352487 0.687557852728 0.683013139627
 -4.76097126075 -3.27934850490 -1.80863587897 -0.732766308275 0.0978387923729 0.534764061741 0.589846996463 0.626363365256 0.601578301678
 -4.55255103728 -2.87311181264 -1.28776957715 -0.349425095312 0.0882531942403 0.394641443573 0.502636791083 0.615231100285 0.627372161410
 -4.23506747365 -2.26592226049 -0.964829329045 -0.265594420053 0.0364061381490 0.335269739052 0.469457000129 0.586579066500 0.642717103420
 -3.90965636729 -2.15527830177 -0.784598827939 -0.136898601744 0.0751944453042 0.314292502410 0.453581578729 0.535022958634 0.591617992707
 -3.68249036725 -1.88802482953 -0.649350076671 -0.0284923225572 0.141762970558 0.288975688290 0.397530237704 0.484940632186 0.547883319993
 -3.52198175598 -1.78776178326 -0.607677923121 0.0615903313382 0.249021131966 0.314813332342 0.351910831698 0.414769792385 0.474000355836
 -3.44450985519 -1.75268455102 -0.483722440593 0.204878813225 0.362610778105 0.309065327863 0.272035067403 0.318547955539 0.381118049083
 -3.18890150820 -1.25784199721 -0.133953794766 0.258387697785 0.206457838548 0.187910141382 0.220405972524 0.302977356305 0.384266876096
 -3.13996394982 -1.20516225462 0.0294008510333 0.335658811526 0.253395740946 0.167142458102 0.151476366784 0.218561105760 0.300268805791
 -2.99590504896 -1.00703784015 0.201606492220 0.357531437411 0.238780814848 0.110811778305 0.0861233226002 0.161339032214 0.246577429822
 -2.90190909451 -0.897669028399 0.335840784445 0.426085191943 0.213730051907 0.0486388573186 0.0198881907572 0.0958444699885 0.180979923465
 -2.79815525178 -0.879550016948 0.349587175864 0.533681467232 0.246440246168 0.0111418870632 -0.0445202371205 0.0293972212110 0.116423104647
 -2.63499221903 -0.867645252780 0.355001748006 0.590604024429 0.281715592136 -5.89155546537e-05 -0.0960922788826 -0.0289221999564 0.0693998798576
 -2.32880963987 -0.584890640854 0.406256060068 0.553474928351 0.239466585544 -0.0526899640246 -0.141429357591 -0.0560482371481 0.0696127394463
 -2.04336124109 -0.381799955665 0.430037439141 0.561492972213 0.175684139635 -0.117138033145 -0.195853410598 -0.0819943761995 0.0697490689117
# log_selcoffs_fsh[3]:
 0.00000000000 0.00000000000 0.00000000000 0.00000000000 0.00000000000 0.00000000000 0.00000000000 0.00000000000 0.00000000000 0.00000000000
# log_selcoffs_fsh[4]:
 -1.49290370854 -0.240141097185 0.116533803896 0.116533803896 0.116533803896 0.116533803896 0.116533803896 0.116533803896 0.116533803896 0.116533803896
# log_sel_spl_fsh[1]:
 0.00000000000 0.00000000000 0.00000000000 0.00000000000
 0.00000000000 0.00000000000 0.00000000000 0.00000000000
 0.00000000000 0.00000000000 0.00000000000 0.00000000000
 0.00000000000 0.00000000000 0.00000000000 0.00000000000
 0.00000000000 0.00000000000 0.00000000000 0.00000000000
 0.00000000000 0.00000000000 0.00000000000 0.00000000000
 0.00000000000 0.00000000000 0.00000000000 0.00000000000
 0.00000000000 0.00000000000 0.00000000000 0.00000000000
 0.00000000000 0.00000000000 0.00000000000 0.00000000000
 0.00000000000 0.00000000000 0.00000000000 0.00000000000
 0.00000000000 0.00000000000 0.00000000000 0.00000000000
 0.00000000000 0.00000000000 0.00000000000 0.00000000000
 0.00000000000 0.00000000000 0.00000000000 0.00000000000
 0.00000000000 0.00000000000 0.00000000000 0.00000000000
 0.00000000000 0.00000000000 0.00000000000 0.00000000000
 0.00000000000 0.00000000000 0.00000000000 0.00000000000
 0.00000000000 0.00000000000 0.00000000000 0.00000000000
 0.00000000000 0.00000000000 0.00000000000 0.00000000000
 0.00000000000 0.00000000000 0.00000000000 0.00000000000
 0.00000000000 0.00000000000 0.00000000000 0.00000000000
 0.00000000000 0.00000000000 0.00000000000 0.00000000000
 0.00000000000 0.00000000000 0.00000000000 0.00000000000
 0.00000000000 0.00000000000 0.00000000000 0.00000000000
 0.00000000000 0.00000000000 0.00000000000 0.00000000000
 0.00000000000 0.00000000000 0.00000000000 0.00000000000
 0.00000000000 0.00000000000 0.00000000000 0.00000000000
 0.00000000000 0.00000000000 0.00000000000 0.00000000000
# log_sel_spl_fsh[2]:
 0.00000000000 0.00000000000 0.00000000000 0.00000000000
 0.00000000000 0.00000000000 0.00000000000 0.00000000000
 0.00000000000 0.00000000000 0.00000000000 0.00000000000
 0.00000000000 0.00000000000 0.00000000000 0.00000000000
 0.00000000000 0.00000000000 0.00000000000 0.00000000000
 0.00000000000 0.00000000000 0.00000000000 0.00000000000
 0.00000000000 0.00000000000 0.00000000000 0.00000000000
 0.00000000000 0.00000000000 0.00000000000 0.00000000000
 0.00000000000 0.00000000000 0.00000000000 0.00000000000
 0.00000000000 0.00000000000 0.00000000000 0.00000000000
 0.00000000000 0.00000000000 0.00000000000 0.00000000000
 0.00000000000 0.00000000000 0.00000000000 0.00000000000
 0.00000000000 0.00000000000 0.00000000000 0.00000000000
 0.00000000000 0.00000000000 0.00000000000 0.00000000000
 0.00000000000 0.00000000000 0.00000000000 0.00000000000
 0.00000000000 0.00000000000 0.00000000000 0.00000000000
 0.00000000000 0.00000000000 0.00000000000 0.00000000000
 0.00000000000 0.00000000000 0.00000000000 0.00000000000
 0.00000000000 0.00000000000 0.00000000000 0.00000000000
 0.00000000000 0.00000000000 0.00000000000 0.00000000000
 0.00000000000 0.00000000000 0.00000000000 0.00000000000
 0.00000000000 0.00000000000 0.00000000000 0.00000000000
 0.00000000000 0.00000000000 0.00000000000 0.00000000000
 0.00000000000 0.00000000000 0.00000000000 0.00000000000
 0.00000000000 0.00000000000 0.00000000000 0.00000000000
 0.00000000000 0.00000000000 0.00000000000 0.00000000000
 0.00000000000 0.00000000000 0.00000000000 0.00000000000
# log_sel_spl_fsh[3]:
 0.00000000000 0.00000000000 0.00000000000 0.00000000000
# log_sel_spl_fsh[4]:
 0.00000000000 0.00000000000 0.00000000000 0.00000000000
# logsel_slope_fsh[1]:
 0.00000000000 0.00000000000 0.00000000000 0.00000000000 0.00000000000 0.00000000000 0.00000000000 0.00000000000 0.00000000000 0.00000000000 0.00000000000 0.00000000000 0.00000000000 0.00000000000 0.00000000000 0.00000000000 0.00000000000 0.00000000000 0.00000000000 0.00000000000 0.00000000000 0.00000000000 0.00000000000 0.00000000000 0.00000000000 0.00000000000 0.00000000000
# logsel_slope_fsh[2]:
 0.00000000000 0.00000000000 0.00000000000 0.00000000000 0.00000000000 0.00000000000 0.00000000000 0.00000000000 0.00000000000 0.00000000000 0.00000000000 0.00000000000 0.00000000000 0.00000000000 0.00000000000 0.00000000000 0.00000000000 0.00000000000 0.00000000000 0.00000000000 0.00000000000 0.00000000000 0.00000000000 0.00000000000 0.00000000000 0.00000000000 0.00000000000
# logsel_slope_fsh[3]:
 0.00000000000
# logsel_slope_fsh[4]:
 0.00000000000
# sel50_fsh[1]:
 0.00000000000 0.00000000000 0.00000000000 0.00000000000 0.00000000000 0.00000000000 0.00000000000 0.00000000000 0.00000000000 0.00000000000 0.00000000000 0.00000000000 0.00000000000 0.00000000000 0.00000000000 0.00000000000 0.00000000000 0.00000000000 0.00000000000 0.00000000000 0.00000000000 0.00000000000 0.00000000000 0.00000000000 0.00000000000 0.00000000000 0.00000000000
# sel50_fsh[2]:
 0.00000000000 0.00000000000 0.00000000000 0.00000000000 0.00000000000 0.00000000000 0.00000000000 0.00000000000 0.00000000000 0.00000000000 0.00000000000 0.00000000000 0.00000000000 0.00000000000 0.00000000000 0.00000000000 0.00000000000 0.00000000000 0.00000000000 0.00000000000 0.00000000000 0.00000000000 0.00000000000 0.00000000000 0.00000000000 0.00000000000 0.00000000000
# sel50_fsh[3]:
 0.00000000000
# sel50_fsh[4]:
 0.00000000000
# logsel_p1_fsh[1]:
 0.00000000000 0.00000000000 0.00000000000 0.00000000000 0.00000000000 0.00000000000 0.00000000000 0.00000000000 0.00000000000 0.00000000000 0.00000000000 0.00000000000 0.00000000000 0.00000000000 0.00000000000 0.00000000000 0.00000000000 0.00000000000 0.00000000000 0.00000000000 0.00000000000 0.00000000000 0.00000000000 0.00000000000 0.00000000000 0.00000000000 0.00000000000
# logsel_p1_fsh[2]:
 0.00000000000 0.00000000000 0.00000000000 0.00000000000 0.00000000000 0.00000000000 0.00000000000 0.00000000000 0.00000000000 0.00000000000 0.00000000000 0.00000000000 0.00000000000 0.00000000000 0.00000000000 0.00000000000 0.00000000000 0.00000000000 0.00000000000 0.00000000000 0.00000000000 0.00000000000 0.00000000000 0.00000000000 0.00000000000 0.00000000000 0.00000000000
# logsel_p1_fsh[3]:
 0.00000000000
# logsel_p1_fsh[4]:
 0.00000000000
# logsel_p2_fsh[1]:
 0.00000000000 0.00000000000 0.00000000000 0.00000000000 0.00000000000 0.00000000000 0.00000000000 0.00000000000 0.00000000000 0.00000000000 0.00000000000 0.00000000000 0.00000000000 0.00000000000 0.00000000000 0.00000000000 0.00000000000 0.00000000000 0.00000000000 0.00000000000 0.00000000000 0.00000000000 0.00000000000 0.00000000000 0.00000000000 0.00000000000 0.00000000000
# logsel_p2_fsh[2]:
 0.00000000000 0.00000000000 0.00000000000 0.00000000000 0.00000000000 0.00000000000 0.00000000000 0.00000000000 0.00000000000 0.00000000000 0.00000000000 0.00000000000 0.00000000000 0.00000000000 0.00000000000 0.00000000000 0.00000000000 0.00000000000 0.00000000000 0.00000000000 0.00000000000 0.00000000000 0.00000000000 0.00000000000 0.00000000000 0.00000000000 0.00000000000
# logsel_p2_fsh[3]:
 0.00000000000
# logsel_p2_fsh[4]:
 0.00000000000
# logsel_p3_fsh[1]:
 0.00000000000 0.00000000000 0.00000000000 0.00000000000 0.00000000000 0.00000000000 0.00000000000 0.00000000000 0.00000000000 0.00000000000 0.00000000000 0.00000000000 0.00000000000 0.00000000000 0.00000000000 0.00000000000 0.00000000000 0.00000000000 0.00000000000 0.00000000000 0.00000000000 0.00000000000 0.00000000000 0.00000000000 0.00000000000 0.00000000000 0.00000000000
# logsel_p3_fsh[2]:
 0.00000000000 0.00000000000 0.00000000000 0.00000000000 0.00000000000 0.00000000000 0.00000000000 0.00000000000 0.00000000000 0.00000000000 0.00000000000 0.00000000000 0.00000000000 0.00000000000 0.00000000000 0.00000000000 0.00000000000 0.00000000000 0.00000000000 0.00000000000 0.00000000000 0.00000000000 0.00000000000 0.00000000000 0.00000000000 0.00000000000 0.00000000000
# logsel_p3_fsh[3]:
 0.00000000000
# logsel_p3_fsh[4]:
 0.00000000000
# rec_dev_future:
 0.00000000000 0.00000000000 0.00000000000 0.00000000000 0.00000000000 0.00000000000 0.00000000000 0.00000000000 0.00000000000 0.00000000000 0.00000000000 0.00000000000 0.00000000000 0.00000000000 0.00000000000 0.00000000000 0.00000000000 0.00000000000 0.00000000000 0.00000000000
# log_q_ind[1]:
0.244943468518
# log_q_power_ind[1]:
0.00000000000
# log_selcoffs_ind[1]:
 -0.515049396156 -0.415730474024 -0.502424195611 -0.699065835800 -0.665302111692 -0.449893379315 -0.115840233091 0.255108578563 0.624024063765 0.892449605974
# logsel_slope_ind[1]:
 0.00000000000
# sel50_ind[1]:
 0.00000000000
# logsel_p1_ind[1]:
 0.00000000000
# sel_p2_ind[1]:
 0.00000000000
# logsel_p3_ind[1]:
 0.00000000000
