# Number of parameters = 678 Objective function value = 207.780601679080  Maximum gradient component = 6.38006664588715e-07
# Mest[1]:
0.280000000000
# log_Linf[1]:
4.38701417618
# log_k[1]:
-1.83258146375
# log_Lo[1]:
2.75684036527
# log_sdage[1]:
-2.40794560865
# mean_log_rec[1]:
12.1938930654
# steepness[1]:
0.650000000000
# log_Rzero[1]:
11.6908089836
# rec_dev:
 -0.821840453253 -0.0382879302847 0.220383370674 0.445029865394 0.465924280519 0.468971996685 0.283148072352 0.589975403341 0.826925889102 1.18439916620 1.40457506248 1.51615189353 1.40876846940 1.33641188473 0.852965749167 0.799268007708 0.405513485215 0.142657465117 -0.204668131441 -0.586685035260 -0.307993616471 -0.0654853446015 0.118032483023 0.402437119336 0.248757931606 0.260808035347 -0.0861494202157 -0.125597866278 0.0884749432453 -0.0110507054434 -0.0553082990872 0.0617068040003 0.0834496875026 0.359634248396 0.295588865135 0.500975968869 0.106751382222 -0.557556835658 -0.380623793769
# log_sigmar[1]:
-0.510825623766
# fmort:
 -2.25088334619 -2.23853802456 -2.33848738240 -2.39699513778 -2.35911635897 -2.40767295821 -2.46524068498 -2.30210392622 -2.08078551571 -1.80478125837 -1.50080370366 -0.939134719235 -0.739107719638 -0.654363081958 -0.707528987212 -1.08594247583 -1.27389094799 -1.34094351571 -1.25114690457 -1.25232357374 -1.30297450500 -1.40158402960 -2.27946430154 -2.37630039540 -2.36086771219 -2.48481607334 -2.59205660125 -2.42147200384 -2.35173952656 -2.70387821984
 -3.91399296916 -3.35223953777 -3.21104520088 -3.06267716171 -2.74790376006 -3.34079774172 -3.98185083354 -3.09837582267 -3.02691030300 -2.72852600671 -2.63865296385 -2.06892694056 -1.65956511965 -2.34005564232 -2.22925102624 -2.05065409429 -1.63822513007 -1.78027510311 -1.65005828920 -1.38011324901 -1.70468825727 -1.89238230973 -2.66299336292 -2.91691027560 -3.17952408445 -3.33521116349 -3.50241625099 -3.67900456942 -3.63012291729 -3.84027550438
 -4.70672396107 -3.06435691989 -2.96706412329 -3.00455460217 -3.71170517655 -4.04667357246 -3.57379903183 -3.90410209138 -3.81166862076 -4.86487156368 -2.93043600832 -2.38207596691 -1.30304205592 -2.05658169824 -2.12832374245 -2.16974765609 -2.26891929056 -3.40323711154 -2.78458135135 -3.31710200267 -2.75809906313 -2.84798133512 -3.88919905196 -4.92697401397 -4.67672830807 -4.97534145854 -5.31806668189 -6.07226047372 -5.94733859276 -6.18562104123
 -2.83746073820 -2.63753489480 -2.54188794725 -2.63024904292 -3.37970364612 -3.06271934143 -2.90055705578 -3.35355056399 -3.12784468911 -3.21503687812 -2.43367071344 -1.95979208883 -2.92962904973 -2.82992703862 -2.76312086960 -2.11975341937 -2.36906461969 -1.58279172303 -2.57185659203 -2.14126585032 -2.22286705524 -2.13785915684 -2.30750099058 -2.10281434104 -2.51136383173 -2.47699554358 -2.48875474258 -2.73619659323 -2.67302674212 -2.86458883491
# log_selcoffs_fsh[1]:
 -3.09023564611 -1.66575814451 -0.559287656375 0.0212226006340 0.171096774900 0.248440923590 0.389594297281 0.476547737652 0.480497587408
 -3.09397986131 -1.58898068787 -0.207608261796 0.274490681375 0.199041630332 0.190924549607 0.266015195749 0.342937997541 0.390502031192
 -3.07598575002 -1.62186799793 -0.300214722599 0.262994944124 0.275487062404 0.267655018497 0.294859125164 0.306397654890 0.328813939378
 -3.02463812927 -1.73257658003 -0.662370463735 0.0356603973861 0.379018839621 0.466747777992 0.385378179955 0.317661781119 0.279851667701
 -2.83112510735 -1.46997480566 -0.619814566555 -0.0864155577808 0.324453078874 0.481504007610 0.420673270287 0.330033071922 0.292732010381
 -2.81890767208 -1.56295538175 -0.605732002569 -0.142137198003 0.235090623361 0.520848454696 0.491498041491 0.360628890035 0.262489400406
 -2.78406625917 -1.68326703926 -0.752294188325 -0.210715214253 0.132149593493 0.488793083432 0.602322833131 0.452433778965 0.263165530283
 -2.67347198582 -1.54164302287 -0.813947985985 -0.363432310864 0.0360578619268 0.439422867817 0.656681214297 0.519718866743 0.322158710252
 -2.54779872380 -1.38096305131 -0.613527656517 -0.322100929309 0.0109503887410 0.311493499462 0.571939086995 0.552482189687 0.417798104559
 -2.48628169628 -1.45760498224 -0.636289671829 -0.198905677051 0.141853493695 0.354685862904 0.429499353255 0.483333952735 0.469383707175
 -2.40258267128 -1.40140864740 -0.639728751510 -0.195458513138 0.160048573759 0.426317187641 0.423836983033 0.401627797590 0.461297905917
 -2.18576144978 -1.04041536635 -0.211818644366 -0.0419685538087 0.0687054023940 0.251487435624 0.295070090568 0.371975640104 0.479590730655
 -2.41139767928 -0.896338853814 0.0920951474633 0.0770599440307 0.0726303707848 0.140623881799 0.200734269160 0.302588826839 0.421135552779
 -2.47520461937 -0.722773742714 0.229314097019 0.114907047921 -0.0138330148869 0.0664563782766 0.179038741967 0.289268385047 0.381479941201
 -2.34527463737 -0.485155821778 0.124060116041 0.0769800587928 -0.00779700467659 0.0580070870426 0.186601788476 0.303876806437 0.381355589479
 -2.22523616937 -0.755720533777 0.0470937858034 0.158515600781 0.0761670839452 0.116934277170 0.206715183778 0.294844984048 0.355263594561
 -2.33584267669 -0.819973049114 -0.0296216115262 0.197142589162 0.162172818955 0.164174101169 0.208633651222 0.271056809306 0.319377650462
 -2.43649154126 -1.04666477770 -0.100290037436 0.272523185503 0.257068522072 0.211876539796 0.204163854455 0.239724515774 0.275394373532
 -2.36290321435 -1.12360269331 -0.194736700218 0.276286873280 0.294806500177 0.238660691110 0.219813419884 0.241906687234 0.268144450150
 -1.99658906989 -0.959982797768 -0.177825940095 0.177630888780 0.193205790764 0.207112669430 0.245638621670 0.293372975206 0.327284778346
 -2.11285957995 -0.845237792910 -0.0722076643636 0.126891706843 0.161213488778 0.198834504792 0.239538431233 0.287515764474 0.325939334470
 -2.14162362576 -0.820771350852 -0.0346618397016 0.127162004560 0.169414166045 0.180507118149 0.219483781044 0.283430313571 0.325964130952
 -2.12383111093 -0.870842866098 0.0211208980291 0.173918375573 0.148682302061 0.147339189321 0.202853163227 0.277004002966 0.327438231542
 -2.04558071919 -0.868386871603 -0.0809483234177 0.181832023273 0.172127204119 0.154562363209 0.206626020737 0.288779307189 0.343672827202
 -2.22596946739 -1.02917649770 -0.110685321256 0.215963913153 0.219589059003 0.193864149719 0.211997888324 0.277426866315 0.324318129633
 -2.08986814634 -1.03515331171 -0.245251665641 0.144120323912 0.235423464230 0.231254898674 0.247001468907 0.300179976206 0.356055133776
 -2.23238846984 -1.30002534689 -0.483032426485 0.102023468027 0.334159764853 0.339293992848 0.303377076363 0.298675466935 0.331218770072
# log_selcoffs_fsh[2]:
 -3.77668192090 -2.69457410375 -1.69659186573 -0.865249097212 -0.233466435029 0.214010122213 0.530600311485 0.751875920572 0.897690587856
 -3.80558660370 -2.69282504037 -1.67065120036 -0.831699800417 -0.213528190257 0.232277807692 0.544563463423 0.756080082000 0.860213457625
 -3.85522067433 -2.67261218922 -1.59660161096 -0.730467335944 -0.135206447319 0.247469240274 0.534542299926 0.728561084315 0.829604740356
 -3.93852129741 -2.66940433745 -1.50214926401 -0.611532133356 -0.0321059136153 0.299322482241 0.510526854302 0.685024541907 0.778738225827
 -4.05112255769 -2.67899809263 -1.39723223447 -0.451950562135 0.0411457958516 0.327457223940 0.506099120168 0.634770458017 0.720500996569
 -4.18726117651 -2.73298132078 -1.23706030993 -0.243907827491 0.100568471991 0.292616530656 0.474422004169 0.620263134274 0.659466566092
 -4.25907306874 -2.80412578321 -1.37665183493 -0.460759776832 -0.0945622173428 0.287808704219 0.621768857478 0.729924984625 0.621469132426
 -4.28489709028 -2.80355206157 -1.39705506609 -0.439843269779 -0.00155959195181 0.344398535074 0.569435497001 0.661475200382 0.652152566474
 -4.30338832240 -2.77799842916 -1.44356666601 -0.611374772118 -0.100310233050 0.253841462124 0.622855587091 0.741444407354 0.687578057723
 -4.37073106747 -2.98631379450 -1.75027879284 -0.789389105644 -0.138992241684 0.363980029037 0.632358777710 0.754881734267 0.688311720462
 -4.46858404995 -3.13223018930 -1.92309666200 -0.951564212329 -0.168382118669 0.514042111724 0.681094003573 0.688633142373 0.656757135386
 -4.54017048028 -3.16978624173 -1.81491588426 -0.730139757222 -0.0415777093609 0.478566933228 0.597983667821 0.664073388557 0.677246220385
 -4.58918618301 -3.13441289836 -1.69316072002 -0.650280552934 0.135067926497 0.536879249563 0.568804557020 0.600818696911 0.585248397521
 -4.40814047687 -2.76172994819 -1.20991861098 -0.299207999845 0.110024019573 0.402922303664 0.495929839668 0.592618574867 0.599811162279
 -4.10439422137 -2.16893842218 -0.892266252256 -0.217547650236 0.0550208001305 0.333541643349 0.462749914071 0.568345778011 0.614504058393
 -3.78684108616 -2.05974224501 -0.711953439923 -0.0883800536670 0.0925236875046 0.309395893976 0.440146602377 0.514994677648 0.563973790939
 -3.57162808310 -1.79645001662 -0.588376574350 0.0114456944571 0.160352492164 0.286942523687 0.383810347781 0.462079237854 0.517455691780
 -3.43008392275 -1.71601823888 -0.539603797615 0.0995380261305 0.267921831987 0.314910394277 0.336496989597 0.387197457320 0.438211134449
 -3.37443287442 -1.71517400827 -0.455798991955 0.246581008846 0.388277700255 0.317506468003 0.259790485543 0.284782579645 0.335026399162
 -3.13924433329 -1.24935828369 -0.139819150209 0.283949496360 0.251663197931 0.216888037793 0.218050808231 0.268323214889 0.330976176252
 -3.10822310698 -1.20568801202 0.0220715845723 0.346962294657 0.289573580934 0.200546107669 0.157884434550 0.189386322168 0.247865217616
 -2.97397163570 -1.02610137878 0.184012334619 0.377341774149 0.272485209101 0.141819014841 0.0969141721124 0.136453552371 0.195982584803
 -2.87447766010 -0.913692842427 0.311859944920 0.443084829010 0.248561941428 0.0778129668150 0.0311384318928 0.0757337344542 0.135964969485
 -2.75457222464 -0.882117628658 0.333248209428 0.539913826993 0.273278242177 0.0375166659609 -0.0345030485896 0.0121473824804 0.0772421553317
 -2.56591717306 -0.850891843396 0.347604153991 0.592877452997 0.297457811303 0.0181894867005 -0.0891271692894 -0.0448938191388 0.0350226420573
 -2.22401251763 -0.547155377904 0.412121280562 0.551365147703 0.243800111760 -0.0461610503053 -0.141130043574 -0.0728520818105 0.0377792913968
 -1.88309670144 -0.316154597240 0.439485130165 0.554563118584 0.165998333520 -0.123255775154 -0.203708438682 -0.100560318985 0.0403810555469
# log_selcoffs_fsh[3]:
 0.00000000000 0.00000000000 0.00000000000 0.00000000000 0.00000000000 0.00000000000 0.00000000000 0.00000000000 0.00000000000 0.00000000000
# log_selcoffs_fsh[4]:
 -1.49290370854 -0.240141097185 0.116533803896 0.116533803896 0.116533803896 0.116533803896 0.116533803896 0.116533803896 0.116533803896 0.116533803896
# log_sel_spl_fsh[1]:
 0.00000000000 0.00000000000 0.00000000000 0.00000000000
 0.00000000000 0.00000000000 0.00000000000 0.00000000000
 0.00000000000 0.00000000000 0.00000000000 0.00000000000
 0.00000000000 0.00000000000 0.00000000000 0.00000000000
 0.00000000000 0.00000000000 0.00000000000 0.00000000000
 0.00000000000 0.00000000000 0.00000000000 0.00000000000
 0.00000000000 0.00000000000 0.00000000000 0.00000000000
 0.00000000000 0.00000000000 0.00000000000 0.00000000000
 0.00000000000 0.00000000000 0.00000000000 0.00000000000
 0.00000000000 0.00000000000 0.00000000000 0.00000000000
 0.00000000000 0.00000000000 0.00000000000 0.00000000000
 0.00000000000 0.00000000000 0.00000000000 0.00000000000
 0.00000000000 0.00000000000 0.00000000000 0.00000000000
 0.00000000000 0.00000000000 0.00000000000 0.00000000000
 0.00000000000 0.00000000000 0.00000000000 0.00000000000
 0.00000000000 0.00000000000 0.00000000000 0.00000000000
 0.00000000000 0.00000000000 0.00000000000 0.00000000000
 0.00000000000 0.00000000000 0.00000000000 0.00000000000
 0.00000000000 0.00000000000 0.00000000000 0.00000000000
 0.00000000000 0.00000000000 0.00000000000 0.00000000000
 0.00000000000 0.00000000000 0.00000000000 0.00000000000
 0.00000000000 0.00000000000 0.00000000000 0.00000000000
 0.00000000000 0.00000000000 0.00000000000 0.00000000000
 0.00000000000 0.00000000000 0.00000000000 0.00000000000
 0.00000000000 0.00000000000 0.00000000000 0.00000000000
 0.00000000000 0.00000000000 0.00000000000 0.00000000000
 0.00000000000 0.00000000000 0.00000000000 0.00000000000
# log_sel_spl_fsh[2]:
 0.00000000000 0.00000000000 0.00000000000 0.00000000000
 0.00000000000 0.00000000000 0.00000000000 0.00000000000
 0.00000000000 0.00000000000 0.00000000000 0.00000000000
 0.00000000000 0.00000000000 0.00000000000 0.00000000000
 0.00000000000 0.00000000000 0.00000000000 0.00000000000
 0.00000000000 0.00000000000 0.00000000000 0.00000000000
 0.00000000000 0.00000000000 0.00000000000 0.00000000000
 0.00000000000 0.00000000000 0.00000000000 0.00000000000
 0.00000000000 0.00000000000 0.00000000000 0.00000000000
 0.00000000000 0.00000000000 0.00000000000 0.00000000000
 0.00000000000 0.00000000000 0.00000000000 0.00000000000
 0.00000000000 0.00000000000 0.00000000000 0.00000000000
 0.00000000000 0.00000000000 0.00000000000 0.00000000000
 0.00000000000 0.00000000000 0.00000000000 0.00000000000
 0.00000000000 0.00000000000 0.00000000000 0.00000000000
 0.00000000000 0.00000000000 0.00000000000 0.00000000000
 0.00000000000 0.00000000000 0.00000000000 0.00000000000
 0.00000000000 0.00000000000 0.00000000000 0.00000000000
 0.00000000000 0.00000000000 0.00000000000 0.00000000000
 0.00000000000 0.00000000000 0.00000000000 0.00000000000
 0.00000000000 0.00000000000 0.00000000000 0.00000000000
 0.00000000000 0.00000000000 0.00000000000 0.00000000000
 0.00000000000 0.00000000000 0.00000000000 0.00000000000
 0.00000000000 0.00000000000 0.00000000000 0.00000000000
 0.00000000000 0.00000000000 0.00000000000 0.00000000000
 0.00000000000 0.00000000000 0.00000000000 0.00000000000
 0.00000000000 0.00000000000 0.00000000000 0.00000000000
# log_sel_spl_fsh[3]:
 0.00000000000 0.00000000000 0.00000000000 0.00000000000
# log_sel_spl_fsh[4]:
 0.00000000000 0.00000000000 0.00000000000 0.00000000000
# logsel_slope_fsh[1]:
 0.00000000000 0.00000000000 0.00000000000 0.00000000000 0.00000000000 0.00000000000 0.00000000000 0.00000000000 0.00000000000 0.00000000000 0.00000000000 0.00000000000 0.00000000000 0.00000000000 0.00000000000 0.00000000000 0.00000000000 0.00000000000 0.00000000000 0.00000000000 0.00000000000 0.00000000000 0.00000000000 0.00000000000 0.00000000000 0.00000000000 0.00000000000
# logsel_slope_fsh[2]:
 0.00000000000 0.00000000000 0.00000000000 0.00000000000 0.00000000000 0.00000000000 0.00000000000 0.00000000000 0.00000000000 0.00000000000 0.00000000000 0.00000000000 0.00000000000 0.00000000000 0.00000000000 0.00000000000 0.00000000000 0.00000000000 0.00000000000 0.00000000000 0.00000000000 0.00000000000 0.00000000000 0.00000000000 0.00000000000 0.00000000000 0.00000000000
# logsel_slope_fsh[3]:
 0.00000000000
# logsel_slope_fsh[4]:
 0.00000000000
# sel50_fsh[1]:
 0.00000000000 0.00000000000 0.00000000000 0.00000000000 0.00000000000 0.00000000000 0.00000000000 0.00000000000 0.00000000000 0.00000000000 0.00000000000 0.00000000000 0.00000000000 0.00000000000 0.00000000000 0.00000000000 0.00000000000 0.00000000000 0.00000000000 0.00000000000 0.00000000000 0.00000000000 0.00000000000 0.00000000000 0.00000000000 0.00000000000 0.00000000000
# sel50_fsh[2]:
 0.00000000000 0.00000000000 0.00000000000 0.00000000000 0.00000000000 0.00000000000 0.00000000000 0.00000000000 0.00000000000 0.00000000000 0.00000000000 0.00000000000 0.00000000000 0.00000000000 0.00000000000 0.00000000000 0.00000000000 0.00000000000 0.00000000000 0.00000000000 0.00000000000 0.00000000000 0.00000000000 0.00000000000 0.00000000000 0.00000000000 0.00000000000
# sel50_fsh[3]:
 0.00000000000
# sel50_fsh[4]:
 0.00000000000
# logsel_p1_fsh[1]:
 0.00000000000 0.00000000000 0.00000000000 0.00000000000 0.00000000000 0.00000000000 0.00000000000 0.00000000000 0.00000000000 0.00000000000 0.00000000000 0.00000000000 0.00000000000 0.00000000000 0.00000000000 0.00000000000 0.00000000000 0.00000000000 0.00000000000 0.00000000000 0.00000000000 0.00000000000 0.00000000000 0.00000000000 0.00000000000 0.00000000000 0.00000000000
# logsel_p1_fsh[2]:
 0.00000000000 0.00000000000 0.00000000000 0.00000000000 0.00000000000 0.00000000000 0.00000000000 0.00000000000 0.00000000000 0.00000000000 0.00000000000 0.00000000000 0.00000000000 0.00000000000 0.00000000000 0.00000000000 0.00000000000 0.00000000000 0.00000000000 0.00000000000 0.00000000000 0.00000000000 0.00000000000 0.00000000000 0.00000000000 0.00000000000 0.00000000000
# logsel_p1_fsh[3]:
 0.00000000000
# logsel_p1_fsh[4]:
 0.00000000000
# logsel_p2_fsh[1]:
 0.00000000000 0.00000000000 0.00000000000 0.00000000000 0.00000000000 0.00000000000 0.00000000000 0.00000000000 0.00000000000 0.00000000000 0.00000000000 0.00000000000 0.00000000000 0.00000000000 0.00000000000 0.00000000000 0.00000000000 0.00000000000 0.00000000000 0.00000000000 0.00000000000 0.00000000000 0.00000000000 0.00000000000 0.00000000000 0.00000000000 0.00000000000
# logsel_p2_fsh[2]:
 0.00000000000 0.00000000000 0.00000000000 0.00000000000 0.00000000000 0.00000000000 0.00000000000 0.00000000000 0.00000000000 0.00000000000 0.00000000000 0.00000000000 0.00000000000 0.00000000000 0.00000000000 0.00000000000 0.00000000000 0.00000000000 0.00000000000 0.00000000000 0.00000000000 0.00000000000 0.00000000000 0.00000000000 0.00000000000 0.00000000000 0.00000000000
# logsel_p2_fsh[3]:
 0.00000000000
# logsel_p2_fsh[4]:
 0.00000000000
# logsel_p3_fsh[1]:
 0.00000000000 0.00000000000 0.00000000000 0.00000000000 0.00000000000 0.00000000000 0.00000000000 0.00000000000 0.00000000000 0.00000000000 0.00000000000 0.00000000000 0.00000000000 0.00000000000 0.00000000000 0.00000000000 0.00000000000 0.00000000000 0.00000000000 0.00000000000 0.00000000000 0.00000000000 0.00000000000 0.00000000000 0.00000000000 0.00000000000 0.00000000000
# logsel_p3_fsh[2]:
 0.00000000000 0.00000000000 0.00000000000 0.00000000000 0.00000000000 0.00000000000 0.00000000000 0.00000000000 0.00000000000 0.00000000000 0.00000000000 0.00000000000 0.00000000000 0.00000000000 0.00000000000 0.00000000000 0.00000000000 0.00000000000 0.00000000000 0.00000000000 0.00000000000 0.00000000000 0.00000000000 0.00000000000 0.00000000000 0.00000000000 0.00000000000
# logsel_p3_fsh[3]:
 0.00000000000
# logsel_p3_fsh[4]:
 0.00000000000
# rec_dev_future:
 0.00000000000 0.00000000000 0.00000000000 0.00000000000 0.00000000000 0.00000000000 0.00000000000 0.00000000000 0.00000000000 0.00000000000 0.00000000000 0.00000000000 0.00000000000 0.00000000000 0.00000000000 0.00000000000 0.00000000000 0.00000000000 0.00000000000 0.00000000000
# log_q_ind[1]:
0.358719102817
# log_q_ind[2]:
0.00000000000
# log_q_power_ind[1]:
0.00000000000
# log_q_power_ind[2]:
0.00000000000
# log_selcoffs_ind[1]:
 -0.433464013578 -0.373882585199 -0.480001817435 -0.689837212220 -0.685153565913 -0.512562091661 -0.206309739227 0.176960254279 0.607046325889 0.954781459439
# log_selcoffs_ind[2]:
 -1.13140188568 0.0725706853080 0.0725706853080 0.0725706853080 0.0725706853080 0.0725706853080 0.0725706853080 0.0725706853080 0.0725706853080 0.0725706853080
# logsel_slope_ind[1]:
 0.00000000000
# logsel_slope_ind[2]:
 0.00000000000
# sel50_ind[1]:
 0.00000000000
# sel50_ind[2]:
 0.00000000000
# logsel_p1_ind[1]:
 0.00000000000
# logsel_p1_ind[2]:
 0.00000000000
# sel_p2_ind[1]:
 0.00000000000
# sel_p2_ind[2]:
 0.00000000000
# logsel_p3_ind[1]:
 0.00000000000
# logsel_p3_ind[2]:
 0.00000000000
